0.999999
0.999996
0.557653
0.291146
0.221456
0.254934
0.210885
0.166012
0.16805
0.155776
0.149035
0.15252
0.147911
0.150981
0.147502
0.144765
0.147201
0.144965
0.146905
0.145038
0.143319
0.145164
0.143569
1
0.339136
0.286404
0.171749
0.179323
0.147497
0.158994
0.135846
0.139206
0.132438
0.128609
0.131375
0.128721
0.12679
0.12884
0.127261
0.125924
0.127559
0.126413
0.12549
0.126831
0.125938
0.125195
0.999999
0.99988
0.557564
0.291099
0.221421
0.247533
0.210564
0.165841
0.158295
0.154184
0.148187
0.147533
0.14688
0.144325
0.143617
0.143579
0.142201
0.141937
0.1411
0.141126
0.140636
0.140333
0.140056
1
0.339139
0.286411
0.171754
0.179294
0.1475
0.158859
0.135783
0.128643
0.125354
0.123807
0.122421
0.121482
0.123218
0.122327
0.121907
0.121256
0.120727
0.120273
0.119944
0.120405
0.120809
0.120502
